21
86
13
37
35
19
68
80
24
61
21
43
19
5
91
93
40
36
27
2
7
65
89
75
48
52
3
47
96
92
87
11
17
40
89
45
27
57
40
95
2
25
34
90
31
26
98
73
21
41
13
79
19
88
96
5
4
94
63
87
69
14
56
63
21
47
81
13
65
12
96
26
49
28
43
66
79
86
93
3
8
43
60
88
96
82
68
61
15
39
61
4
79
98
83
71
67
93
73
45
79
18
20
23
30
44
62
35
96
23
82
94
16
75
74
39
85
9
32
41
64
12
43
82
64
35
61
47
65
43
22
83
18
24
3
66
70
37
48
80
10
18
40
61
3
32
60
7
34
24
34
83
94
59
60
37
52
14
80
11
57
68
86
94
27
6
4
1
84
85
11
14
17
74
69
87
54
39
31
15
30
3
55
6
62
91
4
76
67
68
25
86
96
38
24
8
3
66
3
88
66
44
91
69
48
18
88
1
62
93
50
60
14
73
81
84
100
16
59
14
97
57
71
87
30
64
23
86
95
34
37
89
43
89
97
42
90
75
75
55
59
3
97
32
71
80
59
55
76
98
41
48
48
74
27
73
24
47
29
28
29
8
46
41
25
59
92
36
26
92
89
71
54
14
17
76
3
86
68
6
80
70
43
98
6
4
78
15
73
77
56
37
41
17
56
93
81
46
100
56
66
96
48
93
6
57
98
54
61
75
65
29
75
65
85
69
44
21
63
87
57
57
9
76
9
90
8
81
11
4
12
95
51
28
55
21
45
53
31
73
73
61
64
95
19
62
3
38
55
89
32
40
85
45
13
57
95
4
77
2
32
53
73
27
79
84
51
25
25
65
73
19
91
25
61
78
9
30
26
3
49
30
19
55
52
44
26
59
53
16
12
99
64
43
22
21
97
70
37
97
26
75
60
81
3
34
66
8
45
67
85
72
57
57
24
63
87
69
81
10
52
79
98
58
18
71
65
59
7
2
30
79
78
79
72
47
67
14
86
23
78
56
96
4
15
66
84
66
43
73
94
58
100
24
23
23
77
34
52
54
67
29
5
58
53
74
52
4
22
39
24
41
22
8
48
76
79
28
11
8
73
16
74
95
6
15
50
98
94
64
74
53
74
48
77
56
7
88
98
24
61
25
84
71
21
63
93
6
44
37
28
45
97
74
58
27
16
38
67
39
50
16
45
7
50
23
87
67
97
85
88
44
26
27
62
30
80
13
31
91
16
47
47
58
29
34
68
78
70
64
38
61
63
3
2
90
19
18
7
27
28
39
20
37
8
30
54
13
96
64
36
97
43
55
8
77
5
52
42
28
86
46
3
15
57
32
23
15
5
71
27
72
97
22
52
46
71
79
15
80
37
62
43
69
55
51
32
91
10
19
67
6
78
69
77
90
82
94
28
77
28
68
6
51
52
46
86
69
52
51
13
99
1
27
38
49
41
86
6
60
18
92
95
83
63
31
84
39
89
98
1
39
96
19
2
88
93
68
43
49
89
21
59
80
30
67
92
9
49
82
6
74
69
95
63
87
28
37
11
55
44
76
75
96
97
90
28
38
37
69
36
3
79
100
71
66
25
8
34
91
29
82
86
8
15
40
68
66
20
72
2
88
60
59
51
92
25
81
90
27
16
9
36
97
75
29
76
90
46
75
72
37
14
50
9
25
20
48
22
43
3
27
35
22
13
13
89
98
10
47
1
37
5
55
72
97
16
33
82
97
74
70
99
13
95
3
68
2
7
31
77
18
53
45
16
14
20
99
84
3
53
6
41
14
14
28
72
40
47
12
78
27
9
63
16
62
44
37
16
13
64
40
22
91
3
19
94
42
7
11
8
49
2
1
61
98
73
53
53
34
20
7
89
49
52
35
54
21
28
92
9
1
16
42
86
57
19
50
99
81
44
21
66
2
77
33
86
9
5
88
76
34
2
43
99
95
92
36
25
33
35
30
78
3
2
99
5
35
91
65
91
57
31
79
55
89
71
78
95
96
42
100
22
54
61
77
89
42
17
33
68
55
63
46
47
2
95
68
96
70
27
87
67
38
67
25
62
96
28
62
26
44
87
91
75
50
62
37
50
53
70
31
75
18
75
55
34
61
39
28
43
6
86
72
92
6
42
17
88
75
30
7
39
78
3
25
99
35
14
43
73
85
87
86
66
83
27
31
28
38
34
76
90
23
90
39
77
50
81
10
75
62
34
10
9
66
94
97
83
73
92
80
80
78
53
56
39
86
39
18
7
96
31
76
11
18
80
29
39
35
